Scanning for positive mode shifts (T/e > T)...
FOUND +1 SHIFT: n=15 edge=(13, 14)
  T  modes: (5, 5)  poly: [1, 15, 91, 304, 639, 908, 907, 646, 324, 109, 22, 2]
  Te modes: (6, 6)  poly: [1, 14, 78, 250, 535, 798, 840, 624, 321, 109, 22, 2]
----------------------------------------
FOUND +1 SHIFT: n=15 edge=(13, 14)
  T  modes: (5, 5)  poly: [1, 15, 91, 303, 634, 898, 897, 641, 323, 109, 22, 2]
  Te modes: (6, 6)  poly: [1, 14, 78, 249, 534, 798, 840, 624, 321, 109, 22, 2]
----------------------------------------
FOUND +1 SHIFT: n=15 edge=(12, 14)
  T  modes: (5, 5)  poly: [1, 15, 91, 305, 644, 918, 917, 651, 325, 109, 22, 2]
  Te modes: (6, 6)  poly: [1, 14, 78, 247, 510, 732, 751, 553, 287, 100, 21, 2]
----------------------------------------
FOUND +1 SHIFT: n=15 edge=(13, 14)
  T  modes: (5, 5)  poly: [1, 15, 91, 305, 644, 918, 917, 651, 325, 109, 22, 2]
  Te modes: (6, 6)  poly: [1, 14, 78, 251, 536, 798, 840, 624, 321, 109, 22, 2]
----------------------------------------
FOUND +1 SHIFT: n=15 edge=(12, 14)
  T  modes: (5, 5)  poly: [1, 15, 91, 305, 647, 928, 927, 650, 317, 104, 21, 2]
  Te modes: (6, 6)  poly: [1, 14, 78, 249, 528, 777, 805, 589, 300, 102, 21, 2]
----------------------------------------
FOUND +1 SHIFT: n=15 edge=(12, 14)
  T  modes: (5, 5)  poly: [1, 15, 91, 302, 631, 893, 887, 625, 309, 103, 21, 2]
  Te modes: (6, 6)  poly: [1, 14, 78, 244, 508, 742, 770, 568, 293, 101, 21, 2]
----------------------------------------
FOUND +1 SHIFT: n=15 edge=(13, 14)
  T  modes: (5, 5)  poly: [1, 15, 91, 303, 633, 894, 887, 625, 309, 103, 21, 2]
  Te modes: (6, 6)  poly: [1, 14, 78, 249, 528, 777, 805, 589, 300, 102, 21, 2]
----------------------------------------
FOUND +1 SHIFT: n=15 edge=(12, 14)
  T  modes: (5, 5)  poly: [1, 15, 91, 305, 644, 917, 912, 641, 315, 104, 21, 2]
  Te modes: (6, 6)  poly: [1, 14, 78, 249, 528, 777, 805, 589, 300, 102, 21, 2]
----------------------------------------
FOUND +1 SHIFT: n=15 edge=(12, 14)
  T  modes: (5, 5)  poly: [1, 15, 91, 307, 653, 933, 926, 647, 316, 104, 21, 2]
  Te modes: (6, 6)  poly: [1, 14, 78, 251, 531, 778, 805, 589, 300, 102, 21, 2]
----------------------------------------
FOUND +1 SHIFT: n=15 edge=(13, 14)
  T  modes: (5, 5)  poly: [1, 15, 91, 307, 653, 933, 926, 647, 316, 104, 21, 2]
  Te modes: (6, 6)  poly: [1, 14, 78, 251, 531, 778, 805, 589, 300, 102, 21, 2]
----------------------------------------
FOUND +1 SHIFT: n=15 edge=(12, 14)
  T  modes: (5, 5)  poly: [1, 15, 91, 303, 634, 896, 888, 625, 309, 103, 21, 2]
  Te modes: (6, 6)  poly: [1, 14, 78, 245, 510, 743, 770, 568, 293, 101, 21, 2]
----------------------------------------
FOUND +1 SHIFT: n=15 edge=(12, 14)
  T  modes: (5, 5)  poly: [1, 15, 91, 302, 629, 886, 878, 620, 308, 103, 21, 2]
  Te modes: (6, 6)  poly: [1, 14, 78, 244, 508, 742, 770, 568, 293, 101, 21, 2]
----------------------------------------
FOUND +1 SHIFT: n=15 edge=(12, 14)
  T  modes: (5, 5)  poly: [1, 15, 91, 302, 631, 893, 887, 625, 309, 103, 21, 2]
  Te modes: (6, 6)  poly: [1, 14, 78, 244, 510, 743, 770, 568, 293, 101, 21, 2]
----------------------------------------
FOUND +1 SHIFT: n=15 edge=(13, 14)
  T  modes: (5, 5)  poly: [1, 15, 91, 303, 632, 889, 879, 620, 308, 103, 21, 2]
  Te modes: (6, 6)  poly: [1, 14, 78, 249, 528, 777, 805, 589, 300, 102, 21, 2]
----------------------------------------
FOUND +1 SHIFT: n=15 edge=(12, 14)
  T  modes: (5, 5)  poly: [1, 15, 91, 305, 643, 912, 902, 631, 310, 103, 21, 2]
  Te modes: (6, 6)  poly: [1, 14, 78, 247, 513, 744, 770, 568, 293, 101, 21, 2]
----------------------------------------
FOUND +1 SHIFT: n=15 edge=(13, 14)
  T  modes: (5, 5)  poly: [1, 15, 91, 305, 643, 912, 902, 631, 310, 103, 21, 2]
  Te modes: (6, 6)  poly: [1, 14, 78, 251, 531, 778, 805, 589, 300, 102, 21, 2]
----------------------------------------
FOUND +1 SHIFT: n=15 edge=(12, 14)
  T  modes: (5, 5)  poly: [1, 15, 91, 302, 629, 884, 871, 611, 303, 102, 21, 2]
  Te modes: (6, 6)  poly: [1, 14, 78, 244, 504, 728, 750, 553, 287, 100, 21, 2]
----------------------------------------
FOUND +1 SHIFT: n=15 edge=(13, 14)
  T  modes: (5, 5)  poly: [1, 15, 91, 303, 632, 887, 872, 611, 303, 102, 21, 2]
  Te modes: (6, 6)  poly: [1, 14, 78, 249, 528, 777, 805, 589, 300, 102, 21, 2]
----------------------------------------
FOUND +1 SHIFT: n=15 edge=(12, 14)
  T  modes: (5, 5)  poly: [1, 15, 91, 302, 627, 878, 865, 609, 303, 102, 21, 2]
  Te modes: (6, 6)  poly: [1, 14, 78, 244, 504, 728, 750, 553, 287, 100, 21, 2]
----------------------------------------
FOUND +1 SHIFT: n=15 edge=(13, 14)
  T  modes: (5, 5)  poly: [1, 15, 91, 303, 631, 884, 869, 610, 303, 102, 21, 2]
  Te modes: (6, 6)  poly: [1, 14, 78, 249, 528, 777, 805, 589, 300, 102, 21, 2]
----------------------------------------
FOUND +1 SHIFT: n=15 edge=(12, 14)
  T  modes: (5, 5)  poly: [1, 15, 91, 305, 642, 909, 899, 630, 310, 103, 21, 2]
  Te modes: (6, 6)  poly: [1, 14, 78, 247, 510, 732, 751, 553, 287, 100, 21, 2]
----------------------------------------
FOUND +1 SHIFT: n=15 edge=(13, 14)
  T  modes: (5, 5)  poly: [1, 15, 91, 305, 642, 909, 899, 630, 310, 103, 21, 2]
  Te modes: (6, 6)  poly: [1, 14, 78, 251, 531, 778, 805, 589, 300, 102, 21, 2]
----------------------------------------
FOUND +1 SHIFT: n=15 edge=(12, 14)
  T  modes: (5, 5)  poly: [1, 15, 91, 301, 625, 880, 874, 619, 308, 103, 21, 2]
  Te modes: (6, 6)  poly: [1, 14, 78, 241, 490, 702, 726, 542, 285, 100, 21, 2]
----------------------------------------
FOUND +1 SHIFT: n=15 edge=(12, 14)
  T  modes: (5, 5)  poly: [1, 15, 91, 301, 624, 878, 873, 619, 308, 103, 21, 2]
  Te modes: (6, 6)  poly: [1, 14, 78, 241, 490, 702, 726, 542, 285, 100, 21, 2]
----------------------------------------
FOUND +1 SHIFT: n=15 edge=(12, 13)
  T  modes: (5, 5)  poly: [1, 15, 91, 305, 645, 921, 918, 645, 316, 104, 21, 2]
  Te modes: (6, 6)  poly: [1, 14, 78, 245, 501, 716, 737, 547, 286, 100, 21, 2]
----------------------------------------
FOUND +1 SHIFT: n=15 edge=(12, 14)
  T  modes: (5, 5)  poly: [1, 15, 91, 305, 645, 921, 918, 645, 316, 104, 21, 2]
  Te modes: (6, 6)  poly: [1, 14, 78, 251, 531, 778, 805, 589, 300, 102, 21, 2]
----------------------------------------
FOUND +1 SHIFT: n=15 edge=(12, 13)
  T  modes: (5, 5)  poly: [1, 15, 91, 302, 630, 890, 884, 624, 309, 103, 21, 2]
  Te modes: (6, 6)  poly: [1, 14, 78, 242, 495, 712, 736, 547, 286, 100, 21, 2]
----------------------------------------
FOUND +1 SHIFT: n=15 edge=(12, 13)
  T  modes: (5, 5)  poly: [1, 15, 91, 301, 627, 887, 883, 624, 309, 103, 21, 2]
  Te modes: (6, 6)  poly: [1, 14, 78, 241, 495, 712, 736, 547, 286, 100, 21, 2]
----------------------------------------
FOUND +1 SHIFT: n=15 edge=(12, 13)
  T  modes: (5, 5)  poly: [1, 15, 91, 301, 625, 878, 867, 610, 303, 102, 21, 2]
  Te modes: (6, 6)  poly: [1, 14, 78, 241, 492, 709, 735, 547, 286, 100, 21, 2]
----------------------------------------
FOUND +1 SHIFT: n=15 edge=(12, 13)
  T  modes: (5, 5)  poly: [1, 15, 91, 301, 624, 875, 864, 609, 303, 102, 21, 2]
  Te modes: (6, 6)  poly: [1, 14, 78, 241, 492, 709, 735, 547, 286, 100, 21, 2]
----------------------------------------
FOUND +1 SHIFT: n=15 edge=(12, 14)
  T  modes: (5, 5)  poly: [1, 15, 91, 302, 628, 881, 868, 610, 303, 102, 21, 2]
  Te modes: (6, 6)  poly: [1, 14, 78, 245, 510, 743, 770, 568, 293, 101, 21, 2]
----------------------------------------
FOUND +1 SHIFT: n=15 edge=(12, 14)
  T  modes: (5, 5)  poly: [1, 15, 91, 301, 622, 866, 848, 595, 297, 101, 21, 2]
  Te modes: (6, 6)  poly: [1, 14, 78, 244, 508, 742, 770, 568, 293, 101, 21, 2]
----------------------------------------
FOUND +1 SHIFT: n=15 edge=(12, 14)
  T  modes: (5, 5)  poly: [1, 15, 91, 301, 624, 875, 864, 609, 303, 102, 21, 2]
  Te modes: (6, 6)  poly: [1, 14, 78, 244, 510, 743, 770, 568, 293, 101, 21, 2]
----------------------------------------
FOUND +1 SHIFT: n=15 edge=(12, 14)
  T  modes: (5, 5)  poly: [1, 15, 91, 304, 639, 906, 898, 630, 310, 103, 21, 2]
  Te modes: (6, 6)  poly: [1, 14, 78, 247, 513, 744, 770, 568, 293, 101, 21, 2]
----------------------------------------
FOUND +1 SHIFT: n=15 edge=(13, 14)
  T  modes: (5, 5)  poly: [1, 15, 91, 304, 639, 906, 898, 630, 310, 103, 21, 2]
  Te modes: (6, 6)  poly: [1, 14, 78, 247, 510, 732, 751, 553, 287, 100, 21, 2]
----------------------------------------
FOUND +1 SHIFT: n=15 edge=(12, 14)
  T  modes: (5, 5)  poly: [1, 15, 91, 301, 621, 863, 845, 594, 297, 101, 21, 2]
  Te modes: (6, 6)  poly: [1, 14, 78, 244, 504, 728, 750, 553, 287, 100, 21, 2]
----------------------------------------
FOUND +1 SHIFT: n=15 edge=(12, 14)
  T  modes: (5, 5)  poly: [1, 15, 91, 301, 621, 864, 847, 595, 297, 101, 21, 2]
  Te modes: (6, 6)  poly: [1, 14, 78, 244, 504, 728, 750, 553, 287, 100, 21, 2]
----------------------------------------
FOUND +1 SHIFT: n=15 edge=(13, 14)
  T  modes: (5, 5)  poly: [1, 15, 91, 304, 642, 918, 911, 624, 287, 84, 14, 1]
  Te modes: (6, 6)  poly: [1, 14, 78, 248, 526, 770, 784, 554, 265, 81, 14, 1]
----------------------------------------
FOUND +1 SHIFT: n=15 edge=(13, 14)
  T  modes: (5, 5)  poly: [1, 15, 91, 305, 642, 906, 884, 599, 276, 82, 14, 1]
  Te modes: (6, 6)  poly: [1, 14, 78, 249, 526, 770, 784, 554, 265, 81, 14, 1]
----------------------------------------
FOUND +1 SHIFT: n=15 edge=(13, 14)
  T  modes: (5, 5)  poly: [1, 15, 91, 304, 639, 903, 883, 599, 276, 82, 14, 1]
  Te modes: (6, 6)  poly: [1, 14, 78, 248, 526, 770, 784, 554, 265, 81, 14, 1]
----------------------------------------
FOUND +1 SHIFT: n=15 edge=(13, 14)
  T  modes: (5, 5)  poly: [1, 15, 91, 305, 643, 909, 887, 600, 276, 82, 14, 1]
  Te modes: (6, 6)  poly: [1, 14, 78, 249, 527, 770, 784, 554, 265, 81, 14, 1]
----------------------------------------
FOUND +1 SHIFT: n=15 edge=(13, 14)
  T  modes: (5, 5)  poly: [1, 15, 91, 303, 631, 881, 854, 579, 269, 81, 14, 1]
  Te modes: (6, 6)  poly: [1, 14, 78, 249, 526, 770, 784, 554, 265, 81, 14, 1]
----------------------------------------
FOUND +1 SHIFT: n=15 edge=(13, 14)
  T  modes: (5, 5)  poly: [1, 15, 91, 302, 626, 871, 844, 574, 268, 81, 14, 1]
  Te modes: (6, 6)  poly: [1, 14, 78, 248, 526, 770, 784, 554, 265, 81, 14, 1]
----------------------------------------
FOUND +1 SHIFT: n=15 edge=(13, 14)
  T  modes: (5, 5)  poly: [1, 15, 91, 303, 629, 872, 839, 568, 266, 81, 14, 1]
  Te modes: (6, 6)  poly: [1, 14, 78, 249, 526, 770, 784, 554, 265, 81, 14, 1]
----------------------------------------
FOUND +1 SHIFT: n=15 edge=(13, 14)
  T  modes: (5, 5)  poly: [1, 15, 91, 302, 625, 866, 835, 567, 266, 81, 14, 1]
  Te modes: (6, 6)  poly: [1, 14, 78, 248, 526, 770, 784, 554, 265, 81, 14, 1]
----------------------------------------
FOUND +1 SHIFT: n=15 edge=(13, 14)
  T  modes: (5, 5)  poly: [1, 15, 91, 303, 630, 876, 845, 572, 267, 81, 14, 1]
  Te modes: (6, 6)  poly: [1, 14, 78, 249, 527, 770, 784, 554, 265, 81, 14, 1]
----------------------------------------
FOUND +1 SHIFT: n=15 edge=(13, 14)
  T  modes: (5, 5)  poly: [1, 15, 91, 303, 632, 886, 864, 589, 274, 82, 14, 1]
  Te modes: (6, 6)  poly: [1, 14, 78, 249, 527, 770, 784, 554, 265, 81, 14, 1]
----------------------------------------
FOUND +1 SHIFT: n=15 edge=(13, 14)
  T  modes: (5, 5)  poly: [1, 15, 91, 310, 673, 983, 981, 660, 286, 72, 8]
  Te modes: (6, 6)  poly: [1, 14, 78, 256, 554, 819, 833, 575, 258, 68, 8]
----------------------------------------
FOUND +1 SHIFT: n=15 edge=(13, 14)
  T  modes: (5, 5)  poly: [1, 15, 91, 307, 655, 940, 928, 624, 273, 70, 8]
  Te modes: (6, 6)  poly: [1, 14, 78, 256, 554, 819, 833, 575, 258, 68, 8]
----------------------------------------
FOUND +1 SHIFT: n=15 edge=(13, 14)
  T  modes: (5, 5)  poly: [1, 15, 91, 310, 669, 963, 941, 620, 266, 68, 8]
  Te modes: (6, 6)  poly: [1, 14, 78, 256, 554, 819, 833, 575, 258, 68, 8]
----------------------------------------
FOUND +1 SHIFT: n=15 edge=(13, 14)
  T  modes: (5, 5)  poly: [1, 15, 91, 307, 653, 929, 905, 601, 262, 68, 8]
  Te modes: (6, 6)  poly: [1, 14, 78, 256, 554, 819, 833, 575, 258, 68, 8]
----------------------------------------
FOUND +1 SHIFT: n=15 edge=(13, 14)
  T  modes: (5, 5)  poly: [1, 15, 91, 307, 651, 920, 890, 590, 259, 68, 8]
  Te modes: (6, 6)  poly: [1, 14, 78, 256, 554, 819, 833, 575, 258, 68, 8]
----------------------------------------
FOUND +1 SHIFT: n=15 edge=(13, 14)
  T  modes: (5, 5)  poly: [1, 15, 91, 306, 647, 915, 889, 592, 260, 68, 8]
  Te modes: (6, 6)  poly: [1, 14, 78, 256, 554, 819, 833, 575, 258, 68, 8]
----------------------------------------
FOUND +1 SHIFT: n=15 edge=(13, 14)
  T  modes: (5, 5)  poly: [1, 15, 91, 306, 647, 917, 897, 603, 266, 69, 8]
  Te modes: (6, 6)  poly: [1, 14, 78, 256, 554, 819, 833, 575, 258, 68, 8]
----------------------------------------
FOUND +1 SHIFT: n=15 edge=(12, 14)
  T  modes: (5, 5)  poly: [1, 15, 91, 305, 648, 933, 931, 639, 293, 85, 14, 1]
  Te modes: (6, 6)  poly: [1, 14, 78, 249, 526, 770, 784, 554, 265, 81, 14, 1]
----------------------------------------
Scanned 7741 trees. Found 55 positive shifts.
