Searching HI trees for unimodality counterexamples...
   n    count uni_fail  lc_fail   max_nm
--------------------------------------------------
  25     1000        0        0   0.8461
  30     1000        0        0   0.8660
  35     1000        0        0   0.8889
  40     1000        0        0   0.9000
  50     1000        0        0   0.9200
  60     1000        0        0   0.9333
  70     1000        0        0   0.9429
  80     1000        0        0   0.9500
  90     1000        0        0   0.9556
 100     1000        0        0   0.9600
